#E+0+1
1616682
1616693
1616704
#E+0-1
1615913
1615923
1615933
#E+1+0
1616684
1616695
1616706
#E+1+1
1616685
1616696
1616707
#E+1-1
1616683
1616694
1616705
#E+2+0
1617908
1617920
1617933
#E+2+1
1616688
1616699
1616710
#E+2-1
1616686
1616697
1616708
#E-1+0
1615911
1615921
1615931
#E-1-1
1615910
1615920
1615930
#E-2+0
1616687
1616698
1616709
#E-2+1
1615909
1615919
1615929
#E-3+0
1615905
1615915
1615925
#E-3+1
1615906
1615916
1615926
#E-3-1
1615904
1615914
1615924
#E+0+0
1616681
1616692
1616703
#E+3+0
1616690
1616701
1616712
#E+3+1
1616691
1616702
1616716
#E+3-1
1616689
1616700
1616711
#E-1+1
1615912
1615922
1615932
#E-2-1
1615907
1615917
1615927
#O+0+0
1625346
1625358
1625369
#O+0+1
1625347
1625359
1625370
#O+0-1
1625241
1625251
1625261
#O+1+0
1625349
1625361
1625372
#O+1+1
1625350
1625362
1625373
#O+1-1
1625348
1625360
1625371
#O+2+0
1625353
1625364
1625375
#O+2+1
1625354
1625365
1625376
#O+2-1
1625352
1625363
1625374
#O+3+0
1625356
1625367
1625378
#O+3+1
1625357
1625368
1625379
#O+3-1
1625355
1625366
1625377
#O-1+0
1625239
1625249
1625259
#O-1+1
1625240
1625250
1625260
#O-1-1
1625238
1625248
1625258
#O-2+0
1625236
1625246
1625256
#O-2+1
1625237
1625247
1625257
#O-2-1
1625235
1625245
1625255
#O-3+0
1625233
1625243
1625253
#O-3+1
1625234
1625244
1625254
#O-3-1
1625232
1625242
1625252
#13BL+0+0
1667726
1667737
1667748
#13BL+0+1
1667727
1667738
1667749
#13BL+0-1
1657653
1657921
1657937
#13BL+1+0
1667729
1667740
1667751
#13BL+1+1
1667730
1667741
1667752
#13BL+1-1
1667728
1667739
1667750
#13BL+2+0
1667732
1667743
1667754
#13BL+2+1
1667733
1667744
1667755
#13BL+2-1
1667731
1667742
1667753
#13BL+3+0
1667735
1667746
1667757
#13BL+3+1
1667736
1667747
1667758
#13BL+3-1
1667734
1667745
1667756
#13BL-1+0
1656881
1656892
1656902
#13BL-1+1
1656883
1656893
1656904
#13BL-1-1
1656879
1656891
1656901
#13BL-2+0
1656885
1656895
1656906
#13BL-2+1
1656886
1656896
1656907
#13BL-2-1
1656884
1656894
1656905
#13BL-3+0
1656888
1656898
1656910
#13BL-3+1
1656889
1656899
1656932
#13BL-3-1
1656887
1656897
1656908
#14BH+0+0
1751517
1751528
1751539
#14BH+0+1
1751518
1751529
1751540
#14BH+0-1
1751560
1751570
1751580
#14BH+1+0
1751520
1751531
1751542
#14BH+1+1
1751521
1751532
1751543
#14BH+1-1
1751519
1751530
1751541
#14BH+2+0
1751523
1751534
1751545
#14BH+2+1
1751524
1751535
1751546
#14BH+2-1
1751522
1751533
1751544
#14BH+3+0
1751526
1751537
1751549
#14BH+3+1
1751527
1751538
1751550
#14BH+3-1
1751525
1751536
1751547
#14BH-1+0
1751552
1751562
1751572
#14BH-1+1
1751553
1751563
1751573
#14BH-1-1
1751551
1751561
1751571
#14BH-2+0
1751555
1751565
1751575
#14BH-2+1
1751556
1751566
1751576
#14BH-2-1
1751554
1751564
1751574
#14BH-3+0
1751558
1751568
1751578
#14BH-3+1
1751559
1751569
1751579
#14BH-3-1
1751557
1751567
1751577
#15BD+2+1
1845956
1845968
1845981
#15BD+2+0
1845957
1845969
1845982
#15BD+2-1
1845958
1845970
1845986
#15BD+2-2
1845959
1845971
1845984
#15BD+1+1
1845960
1845972
1845985
#15BD+1+0
1845961
1845974
1845987
#15BD+1-1
1845962
1845975
1845988
#15BD+1-2
1845963
1845976
1845989
#15BD+0+1
1846153
1846161
1846169
#15BD+0+0
1846154
1846162
1846170
#15BD+0-1
1846155
1846163
1846171
#15BD+0-2
1846156
1846164
1846172
#15BD-1+1
1846157
1846165
1846173
#15BD-1+0
1846158
1846166
1846174
#15BD-1-1
1846159
1846167
1846175
#15BD-1-2
1846160
1846168
1846176
#15BD-2+1
1845952
1845964
1845990
#15BD-2+0
1845953
1845965
1845991
#15BD-2-1
1845954
1845966
1845992
#15BD-2-2
1845955
1845967
1845993
#15AM-2+1
1805950
1805960
1805970
#15AM-2+0
1806494
1806505
1806515
#15AM-2-1
1805945
1805955
1805965
#15AM-2-2
1806489
1806500
1806510
#15AM-1+1
1805951
1805961
1805971
#15AM-1+0
1805946
1805956
1805966
#15AM-1-1
1806495
1806506
1806516
#15AM-1-2
1806490
1806501
1806511
#15AM+0+1
1805952
1805962
1805972
#15AM+0+0
1805947
1805957
1805967
#15AM+0-1
1806496
1806507
1806517
#15AM+0-2
1806491
1806502
1806512
#15AM+1+1
1805953
1805963
1805973
#15AM+1+0
1805948
1805958
1805968
#15AM+1-1
1806497
1806508
1806518
#15AM+1-2
1806492
1806503
1806513
#15AM+2+1
1805954
1805964
1805974
#15AM+2+0
1805949
1805959
1805969
#15AM+2-1
1806498
1806509
1806519
#15AM+2-2
1806493
1806504
1806514
#15AP+0+0
1795490
1795500
1795520 
#15AP+0+1
1795491
1795501
1795521 
#15AP+0-1
1795326
1795338
1795347 
#15AP+0-2
1795325
1795335
1795346 
#15AP+1+0
1795492
1795502
1795522 
#15AP+1+1
1795493
1795507
1795523 
#15AP+1-1
1795328
1795339
1795349 
#15AP+1-2
1795327
1795337
1795348 
#15AP+2+0
1795494
1795508
1795524 
#15AP+2+1
1795495
1795511
1795525 
#15AP+2-1
1795330
1795341
1795351 
#15AP+2-2
1795329
1795340
1795350 
#15AP-1+0
1795488
1795498
1795515 
#15AP-1+1
1795489
1795499
1795519 
#15AP-1-1
1795324
1795334
1795345 
#15AP-1-2
1795323
1795333
1795344 
#15AP-2+0
1795486
1795496
1795512 
#15AP-2+1
1795487
1795497
1795513 
#15AP-2-1
1795322
1795332
1795343 
#15AP-2-2
1795321
1795331
1795342 
#15BS+0+0
1832037
1832047
1832057 
#15BS+0+1
1832038
1832048
1832058 
#15BS+1+0
1832035
1832045
1832055 
#15BS+1+1
1832036
1832046
1832056 
#15BS+2+0
1832033
1832043
1832053 
#15BS+2+1
1832034
1832044
1832054 
#15BS-1+0
1832039
1832049
1832059 
#15BS-1+1
1832040
1832050
1832060 
#15BS-2+0
1832041
1832051
1832061 
#15BS-2+1
1832042
1832052
1832062 
#15BS+0-1
1831815
1831853
1831863 
#15BS+0-2
1831814
1831852
1831862 
#15BS+1-1
1831813
1831851
1831861 
#15BS+1-2
1831812
1831850
1831860 
#15BS+2-1
1831811
1831849
1831859 
#15BS+2-2
1831810
1831848
1831858 
#15BS-1-1
1831817
1831855
1831865 
#15BS-1-2
1831816
1831854
1831864 
#15BS-2-1
1831819
1831857
1831867 
#15BS-2-2
1831818
1831856
1831866 
